means_Pop_Rock
     127.633943925     -8.35902180685                0.0     0.859820353063      0.45328556594 
stdDev_Pop_Rock
     34.2746869511      4.46990959804                0.0      2.15059088597     0.273637097505 
means_Pop_Rock
     127.633943925     -8.35902180685                0.0     0.859820353063      0.45328556594 
stdDev_Pop_Rock
     34.2746869511      4.46990959804                0.0      2.15059088597     0.273637097505 
means_Electronic
     119.950916667     -9.75201754386                0.0     0.972824561404            0.39175 
stdDev_Electronic
     31.1175389188      4.74715986371                0.0      2.20537115564      0.27422714965 
means_Religious
     116.089686869     -10.0641868687                0.0     0.789777777778     0.483636363636 
stdDev_Religious
     29.8742359213      4.20911878544                0.0      1.43382856882     0.253173931292 
means_Reggae
     137.431041667          -9.672625                0.0     0.494816666667     0.450908333333 
stdDev_Reggae
     35.4679616921      3.12315621891                0.0       1.0007562056     0.283664267396 
means_Country
     120.095628571     -11.6596285714                0.0     0.473525714286     0.588754285714 
stdDev_Country
     31.7282046551       4.2482216238                0.0     0.751585864819     0.279889717407 
means_Stage
means_Pop_Rock
     127.633943925     -8.35902180685                0.0     0.859820353063      0.45328556594 
stdDev_Pop_Rock
     34.2746869511      4.46990959804                0.0      2.15059088597     0.273637097505 
means_Electronic
     119.950916667     -9.75201754386                0.0     0.972824561404            0.39175 
stdDev_Electronic
     31.1175389188      4.74715986371                0.0      2.20537115564      0.27422714965 
means_Religious
     116.089686869     -10.0641868687                0.0     0.789777777778     0.483636363636 
stdDev_Religious
     29.8742359213      4.20911878544                0.0      1.43382856882     0.253173931292 
means_Reggae
     137.431041667          -9.672625                0.0     0.494816666667     0.450908333333 
stdDev_Reggae
     35.4679616921      3.12315621891                0.0       1.0007562056     0.283664267396 
means_Country
     120.095628571     -11.6596285714                0.0     0.473525714286     0.588754285714 
stdDev_Country
     31.7282046551       4.2482216238                0.0     0.751585864819     0.279889717407 
means_Stage
means_Pop_Rock
     127.633943925     -8.35902180685                0.0     0.859820353063      0.45328556594 
stdDev_Pop_Rock
     34.2746869511      4.46990959804                0.0      2.15059088597     0.273637097505 
means_Electronic
     119.950916667     -9.75201754386                0.0     0.972824561404            0.39175 
stdDev_Electronic
     31.1175389188      4.74715986371                0.0      2.20537115564      0.27422714965 
means_Religious
     116.089686869     -10.0641868687                0.0     0.789777777778     0.483636363636 
stdDev_Religious
     29.8742359213      4.20911878544                0.0      1.43382856882     0.253173931292 
means_Reggae
     137.431041667          -9.672625                0.0     0.494816666667     0.450908333333 
stdDev_Reggae
     35.4679616921      3.12315621891                0.0       1.0007562056     0.283664267396 
means_Country
     120.095628571     -11.6596285714                0.0     0.473525714286     0.588754285714 
stdDev_Country
     31.7282046551       4.2482216238                0.0     0.751585864819     0.279889717407 
means_Stage
means_Pop_Rock
     127.633943925     -8.35902180685                0.0     0.859820353063      0.45328556594 
stdDev_Pop_Rock
     34.2746869511      4.46990959804                0.0      2.15059088597     0.273637097505 
means_Electronic
     119.950916667     -9.75201754386                0.0     0.972824561404            0.39175 
stdDev_Electronic
     31.1175389188      4.74715986371                0.0      2.20537115564      0.27422714965 
means_Religious
     116.089686869     -10.0641868687                0.0     0.789777777778     0.483636363636 
stdDev_Religious
     29.8742359213      4.20911878544                0.0      1.43382856882     0.253173931292 
means_Reggae
     137.431041667          -9.672625                0.0     0.494816666667     0.450908333333 
stdDev_Reggae
     35.4679616921      3.12315621891                0.0       1.0007562056     0.283664267396 
means_Country
     120.095628571     -11.6596285714                0.0     0.473525714286     0.588754285714 
stdDev_Country
     31.7282046551       4.2482216238                0.0     0.751585864819     0.279889717407 
means_Latin
     128.933093385     -9.75380544747                0.0     0.564151750973     0.481583657588 
stdDev_Latin
     40.6581785882      4.31208376789                0.0      1.31074621139     0.264078284374 
means_RnB
     117.312977273     -9.32899242424                0.0     0.720287878788     0.437106060606 
stdDev_RnB
     30.0855827705      3.39318695395                0.0      1.38880496116     0.232209259648 
means_Comedy_Spoken
     108.257230769     -12.8376923077                0.0     0.243717948718     0.312871794872 
stdDev_Comedy_Spoken
     26.5245735735      4.10541648566                0.0      0.61269576458     0.228703949209 
means_International
     124.707646259     -10.9284829932                0.0     0.736156462585     0.511068027211 
stdDev_International
     40.3760839115      4.98716444233                0.0       1.6017972886     0.275039976312 
means_Folk
     115.944791667         -13.490375                0.0          0.8385625     0.493958333333 
stdDev_Folk
     36.7196822341      5.02027898306                0.0      2.36197429694      0.26463716972 
means_Blues
     117.302960317     -12.1406904762                0.0     0.515984126984     0.426023809524 
stdDev_Blues
     33.0027792299      4.58341411611                0.0      0.93931954419     0.301056854418 
means_New Age
     114.152168421     -18.1130315789                0.0      1.54131578947     0.500736842105 
stdDev_New Age
     39.8092201462      6.19097108861                0.0       3.3459575461     0.276007330586 
means_Easy_Listening
         130.42255            -14.727                0.0            0.86135             0.4155 
stdDev_Easy_Listening
     36.4496322402      4.69400786109                0.0      1.61258619227     0.253083286686 
means_Jazz
     118.490416185     -14.4096705202                0.0     0.631046242775     0.428809248555 
stdDev_Jazz
     37.3779050816       5.7958210639                0.0      1.31379741629     0.246751644409 
means_Vocal
     114.415444444     -14.2900833333                0.0     0.777055555556     0.503944444444 
stdDev_Vocal
     34.4647887451      5.11038246218                0.0       1.1315070075     0.192814525796 
means_Rap
     121.183122881     -8.27923305085                0.0     0.522156779661     0.383440677966 
stdDev_Rap
     38.9404308434      4.14658293474                0.0       2.3096347033     0.269287589396 
means_Children
     129.845142857     -15.1871428571                0.0              1.384     0.606714285714 
stdDev_Children
     29.1085010284      2.86988886936                0.0        1.882148013     0.250360719355 
means_Pop_Rock
     127.633943925     -8.35902180685                0.0     0.859820353063      0.45328556594 
stdDev_Pop_Rock
     34.2746869511      4.46990959804                0.0      2.15059088597     0.273637097505 
means_Electronic
     119.950916667     -9.75201754386                0.0     0.972824561404            0.39175 
stdDev_Electronic
     31.1175389188      4.74715986371                0.0      2.20537115564      0.27422714965 
means_Religious
     116.089686869     -10.0641868687                0.0     0.789777777778     0.483636363636 
stdDev_Religious
     29.8742359213      4.20911878544                0.0      1.43382856882     0.253173931292 
means_Reggae
     137.431041667          -9.672625                0.0     0.494816666667     0.450908333333 
stdDev_Reggae
     35.4679616921      3.12315621891                0.0       1.0007562056     0.283664267396 
means_Country
     120.095628571     -11.6596285714                0.0     0.473525714286     0.588754285714 
stdDev_Country
     31.7282046551       4.2482216238                0.0     0.751585864819     0.279889717407 
means_Latin
     128.933093385     -9.75380544747                0.0     0.564151750973     0.481583657588 
stdDev_Latin
     40.6581785882      4.31208376789                0.0      1.31074621139     0.264078284374 
means_RnB
     117.312977273     -9.32899242424                0.0     0.720287878788     0.437106060606 
stdDev_RnB
     30.0855827705      3.39318695395                0.0      1.38880496116     0.232209259648 
means_Comedy_Spoken
     108.257230769     -12.8376923077                0.0     0.243717948718     0.312871794872 
stdDev_Comedy_Spoken
     26.5245735735      4.10541648566                0.0      0.61269576458     0.228703949209 
means_International
     124.707646259     -10.9284829932                0.0     0.736156462585     0.511068027211 
stdDev_International
     40.3760839115      4.98716444233                0.0       1.6017972886     0.275039976312 
means_Folk
     115.944791667         -13.490375                0.0          0.8385625     0.493958333333 
stdDev_Folk
     36.7196822341      5.02027898306                0.0      2.36197429694      0.26463716972 
means_Blues
     117.302960317     -12.1406904762                0.0     0.515984126984     0.426023809524 
stdDev_Blues
     33.0027792299      4.58341411611                0.0      0.93931954419     0.301056854418 
means_New Age
     114.152168421     -18.1130315789                0.0      1.54131578947     0.500736842105 
stdDev_New Age
     39.8092201462      6.19097108861                0.0       3.3459575461     0.276007330586 
means_Easy_Listening
         130.42255            -14.727                0.0            0.86135             0.4155 
stdDev_Easy_Listening
     36.4496322402      4.69400786109                0.0      1.61258619227     0.253083286686 
means_Jazz
     118.490416185     -14.4096705202                0.0     0.631046242775     0.428809248555 
stdDev_Jazz
     37.3779050816       5.7958210639                0.0      1.31379741629     0.246751644409 
means_Vocal
     114.415444444     -14.2900833333                0.0     0.777055555556     0.503944444444 
stdDev_Vocal
     34.4647887451      5.11038246218                0.0       1.1315070075     0.192814525796 
means_Rap
     121.183122881     -8.27923305085                0.0     0.522156779661     0.383440677966 
stdDev_Rap
     38.9404308434      4.14658293474                0.0       2.3096347033     0.269287589396 
means_Children
     129.845142857     -15.1871428571                0.0              1.384     0.606714285714 
stdDev_Children
     29.1085010284      2.86988886936                0.0        1.882148013     0.250360719355 
means_Pop_Rock
     127.633943925     -8.35902180685                0.0     0.859820353063      0.45328556594 
stdDev_Pop_Rock
     34.2746869511      4.46990959804                0.0      2.15059088597     0.273637097505 
means_Electronic
     119.950916667     -9.75201754386                0.0     0.972824561404            0.39175 
stdDev_Electronic
     31.1175389188      4.74715986371                0.0      2.20537115564      0.27422714965 
means_Religious
     116.089686869     -10.0641868687                0.0     0.789777777778     0.483636363636 
stdDev_Religious
     29.8742359213      4.20911878544                0.0      1.43382856882     0.253173931292 
means_Reggae
     137.431041667          -9.672625                0.0     0.494816666667     0.450908333333 
stdDev_Reggae
     35.4679616921      3.12315621891                0.0       1.0007562056     0.283664267396 
means_Country
     120.095628571     -11.6596285714                0.0     0.473525714286     0.588754285714 
stdDev_Country
     31.7282046551       4.2482216238                0.0     0.751585864819     0.279889717407 
means_Latin
     128.933093385     -9.75380544747                0.0     0.564151750973     0.481583657588 
stdDev_Latin
     40.6581785882      4.31208376789                0.0      1.31074621139     0.264078284374 
means_RnB
     117.312977273     -9.32899242424                0.0     0.720287878788     0.437106060606 
stdDev_RnB
     30.0855827705      3.39318695395                0.0      1.38880496116     0.232209259648 
means_Comedy_Spoken
     108.257230769     -12.8376923077                0.0     0.243717948718     0.312871794872 
stdDev_Comedy_Spoken
     26.5245735735      4.10541648566                0.0      0.61269576458     0.228703949209 
means_International
     124.707646259     -10.9284829932                0.0     0.736156462585     0.511068027211 
stdDev_International
     40.3760839115      4.98716444233                0.0       1.6017972886     0.275039976312 
means_Folk
     115.944791667         -13.490375                0.0          0.8385625     0.493958333333 
stdDev_Folk
     36.7196822341      5.02027898306                0.0      2.36197429694      0.26463716972 
means_Blues
     117.302960317     -12.1406904762                0.0     0.515984126984     0.426023809524 
stdDev_Blues
     33.0027792299      4.58341411611                0.0      0.93931954419     0.301056854418 
means_New Age
     114.152168421     -18.1130315789                0.0      1.54131578947     0.500736842105 
stdDev_New Age
     39.8092201462      6.19097108861                0.0       3.3459575461     0.276007330586 
means_Easy_Listening
         130.42255            -14.727                0.0            0.86135             0.4155 
stdDev_Easy_Listening
     36.4496322402      4.69400786109                0.0      1.61258619227     0.253083286686 
means_Jazz
     118.490416185     -14.4096705202                0.0     0.631046242775     0.428809248555 
stdDev_Jazz
     37.3779050816       5.7958210639                0.0      1.31379741629     0.246751644409 
means_Vocal
     114.415444444     -14.2900833333                0.0     0.777055555556     0.503944444444 
stdDev_Vocal
     34.4647887451      5.11038246218                0.0       1.1315070075     0.192814525796 
means_Rap
     121.183122881     -8.27923305085                0.0     0.522156779661     0.383440677966 
stdDev_Rap
     38.9404308434      4.14658293474                0.0       2.3096347033     0.269287589396 
means_Children
     129.845142857     -15.1871428571                0.0              1.384     0.606714285714 
stdDev_Children
     29.1085010284      2.86988886936                0.0        1.882148013     0.250360719355 
means_Pop_Rock
     127.633943925     -8.35902180685                0.0     0.859820353063      0.45328556594 
stdDev_Pop_Rock
     34.2746869511      4.46990959804                0.0      2.15059088597     0.273637097505 
means_Electronic
     119.950916667     -9.75201754386                0.0     0.972824561404            0.39175 
stdDev_Electronic
     31.1175389188      4.74715986371                0.0      2.20537115564      0.27422714965 
means_Religious
     116.089686869     -10.0641868687                0.0     0.789777777778     0.483636363636 
stdDev_Religious
     29.8742359213      4.20911878544                0.0      1.43382856882     0.253173931292 
means_Reggae
     137.431041667          -9.672625                0.0     0.494816666667     0.450908333333 
stdDev_Reggae
     35.4679616921      3.12315621891                0.0       1.0007562056     0.283664267396 
means_Country
     120.095628571     -11.6596285714                0.0     0.473525714286     0.588754285714 
stdDev_Country
     31.7282046551       4.2482216238                0.0     0.751585864819     0.279889717407 
means_Latin
     128.933093385     -9.75380544747                0.0     0.564151750973     0.481583657588 
stdDev_Latin
     40.6581785882      4.31208376789                0.0      1.31074621139     0.264078284374 
means_RnB
     117.312977273     -9.32899242424                0.0     0.720287878788     0.437106060606 
stdDev_RnB
     30.0855827705      3.39318695395                0.0      1.38880496116     0.232209259648 
means_Comedy_Spoken
     108.257230769     -12.8376923077                0.0     0.243717948718     0.312871794872 
stdDev_Comedy_Spoken
     26.5245735735      4.10541648566                0.0      0.61269576458     0.228703949209 
means_International
     124.707646259     -10.9284829932                0.0     0.736156462585     0.511068027211 
stdDev_International
     40.3760839115      4.98716444233                0.0       1.6017972886     0.275039976312 
means_Folk
     115.944791667         -13.490375                0.0          0.8385625     0.493958333333 
stdDev_Folk
     36.7196822341      5.02027898306                0.0      2.36197429694      0.26463716972 
means_Blues
     117.302960317     -12.1406904762                0.0     0.515984126984     0.426023809524 
stdDev_Blues
     33.0027792299      4.58341411611                0.0      0.93931954419     0.301056854418 
means_New Age
     114.152168421     -18.1130315789                0.0      1.54131578947     0.500736842105 
stdDev_New Age
     39.8092201462      6.19097108861                0.0       3.3459575461     0.276007330586 
means_Easy_Listening
         130.42255            -14.727                0.0            0.86135             0.4155 
stdDev_Easy_Listening
     36.4496322402      4.69400786109                0.0      1.61258619227     0.253083286686 
means_Jazz
     118.490416185     -14.4096705202                0.0     0.631046242775     0.428809248555 
stdDev_Jazz
     37.3779050816       5.7958210639                0.0      1.31379741629     0.246751644409 
means_Vocal
     114.415444444     -14.2900833333                0.0     0.777055555556     0.503944444444 
stdDev_Vocal
     34.4647887451      5.11038246218                0.0       1.1315070075     0.192814525796 
means_Rap
     121.183122881     -8.27923305085                0.0     0.522156779661     0.383440677966 
stdDev_Rap
     38.9404308434      4.14658293474                0.0       2.3096347033     0.269287589396 
means_Children
     129.845142857     -15.1871428571                0.0              1.384     0.606714285714 
stdDev_Children
     29.1085010284      2.86988886936                0.0        1.882148013     0.250360719355 
means_Pop_Rock
     127.633943925     -8.35902180685                0.0     0.859820353063      0.45328556594 
stdDev_Pop_Rock
     34.2746869511      4.46990959804                0.0      2.15059088597     0.273637097505 
means_Electronic
     119.950916667     -9.75201754386                0.0     0.972824561404            0.39175 
stdDev_Electronic
     31.1175389188      4.74715986371                0.0      2.20537115564      0.27422714965 
means_Religious
     116.089686869     -10.0641868687                0.0     0.789777777778     0.483636363636 
stdDev_Religious
     29.8742359213      4.20911878544                0.0      1.43382856882     0.253173931292 
means_Reggae
     137.431041667          -9.672625                0.0     0.494816666667     0.450908333333 
stdDev_Reggae
     35.4679616921      3.12315621891                0.0       1.0007562056     0.283664267396 
means_Country
     120.095628571     -11.6596285714                0.0     0.473525714286     0.588754285714 
stdDev_Country
     31.7282046551       4.2482216238                0.0     0.751585864819     0.279889717407 
means_Latin
     128.933093385     -9.75380544747                0.0     0.564151750973     0.481583657588 
stdDev_Latin
     40.6581785882      4.31208376789                0.0      1.31074621139     0.264078284374 
means_RnB
     117.312977273     -9.32899242424                0.0     0.720287878788     0.437106060606 
stdDev_RnB
     30.0855827705      3.39318695395                0.0      1.38880496116     0.232209259648 
means_Comedy_Spoken
     108.257230769     -12.8376923077                0.0     0.243717948718     0.312871794872 
stdDev_Comedy_Spoken
     26.5245735735      4.10541648566                0.0      0.61269576458     0.228703949209 
means_International
     124.707646259     -10.9284829932                0.0     0.736156462585     0.511068027211 
stdDev_International
     40.3760839115      4.98716444233                0.0       1.6017972886     0.275039976312 
means_Folk
     115.944791667         -13.490375                0.0          0.8385625     0.493958333333 
stdDev_Folk
     36.7196822341      5.02027898306                0.0      2.36197429694      0.26463716972 
means_Blues
     117.302960317     -12.1406904762                0.0     0.515984126984     0.426023809524 
stdDev_Blues
     33.0027792299      4.58341411611                0.0      0.93931954419     0.301056854418 
means_New Age
     114.152168421     -18.1130315789                0.0      1.54131578947     0.500736842105 
stdDev_New Age
     39.8092201462      6.19097108861                0.0       3.3459575461     0.276007330586 
means_Easy_Listening
         130.42255            -14.727                0.0            0.86135             0.4155 
stdDev_Easy_Listening
     36.4496322402      4.69400786109                0.0      1.61258619227     0.253083286686 
means_Jazz
     118.490416185     -14.4096705202                0.0     0.631046242775     0.428809248555 
stdDev_Jazz
     37.3779050816       5.7958210639                0.0      1.31379741629     0.246751644409 
means_Vocal
     114.415444444     -14.2900833333                0.0     0.777055555556     0.503944444444 
stdDev_Vocal
     34.4647887451      5.11038246218                0.0       1.1315070075     0.192814525796 
means_Rap
     121.183122881     -8.27923305085                0.0     0.522156779661     0.383440677966 
stdDev_Rap
     38.9404308434      4.14658293474                0.0       2.3096347033     0.269287589396 
means_Children
     129.845142857     -15.1871428571                0.0              1.384     0.606714285714 
stdDev_Children
     29.1085010284      2.86988886936                0.0        1.882148013     0.250360719355 
means_Pop_Rock
     127.633943925     -8.35902180685                0.0     0.859820353063      0.45328556594 
stdDev_Pop_Rock
     34.2746869511      4.46990959804                0.0      2.15059088597     0.273637097505 
means_Electronic
     119.950916667     -9.75201754386                0.0     0.972824561404            0.39175 
stdDev_Electronic
     31.1175389188      4.74715986371                0.0      2.20537115564      0.27422714965 
means_Religious
     116.089686869     -10.0641868687                0.0     0.789777777778     0.483636363636 
stdDev_Religious
     29.8742359213      4.20911878544                0.0      1.43382856882     0.253173931292 
means_Reggae
     137.431041667          -9.672625                0.0     0.494816666667     0.450908333333 
stdDev_Reggae
     35.4679616921      3.12315621891                0.0       1.0007562056     0.283664267396 
means_Country
     120.095628571     -11.6596285714                0.0     0.473525714286     0.588754285714 
stdDev_Country
     31.7282046551       4.2482216238                0.0     0.751585864819     0.279889717407 
means_Latin
     128.933093385     -9.75380544747                0.0     0.564151750973     0.481583657588 
stdDev_Latin
     40.6581785882      4.31208376789                0.0      1.31074621139     0.264078284374 
means_RnB
     117.312977273     -9.32899242424                0.0     0.720287878788     0.437106060606 
stdDev_RnB
     30.0855827705      3.39318695395                0.0      1.38880496116     0.232209259648 
means_Comedy_Spoken
     108.257230769     -12.8376923077                0.0     0.243717948718     0.312871794872 
stdDev_Comedy_Spoken
     26.5245735735      4.10541648566                0.0      0.61269576458     0.228703949209 
means_International
     124.707646259     -10.9284829932                0.0     0.736156462585     0.511068027211 
stdDev_International
     40.3760839115      4.98716444233                0.0       1.6017972886     0.275039976312 
means_Folk
     115.944791667         -13.490375                0.0          0.8385625     0.493958333333 
stdDev_Folk
     36.7196822341      5.02027898306                0.0      2.36197429694      0.26463716972 
means_Blues
     117.302960317     -12.1406904762                0.0     0.515984126984     0.426023809524 
stdDev_Blues
     33.0027792299      4.58341411611                0.0      0.93931954419     0.301056854418 
means_New Age
     114.152168421     -18.1130315789                0.0      1.54131578947     0.500736842105 
stdDev_New Age
     39.8092201462      6.19097108861                0.0       3.3459575461     0.276007330586 
means_Easy_Listening
         130.42255            -14.727                0.0            0.86135             0.4155 
stdDev_Easy_Listening
     36.4496322402      4.69400786109                0.0      1.61258619227     0.253083286686 
means_Jazz
     118.490416185     -14.4096705202                0.0     0.631046242775     0.428809248555 
stdDev_Jazz
     37.3779050816       5.7958210639                0.0      1.31379741629     0.246751644409 
means_Vocal
     114.415444444     -14.2900833333                0.0     0.777055555556     0.503944444444 
stdDev_Vocal
     34.4647887451      5.11038246218                0.0       1.1315070075     0.192814525796 
means_Rap
     121.183122881     -8.27923305085                0.0     0.522156779661     0.383440677966 
stdDev_Rap
     38.9404308434      4.14658293474                0.0       2.3096347033     0.269287589396 
means_Children
     129.845142857     -15.1871428571                0.0              1.384     0.606714285714 
stdDev_Children
     29.1085010284      2.86988886936                0.0        1.882148013     0.250360719355 
means_Pop_Rock
     127.633943925     -8.35902180685                0.0     0.859820353063      0.45328556594 
stdDev_Pop_Rock
     34.2746869511      4.46990959804                0.0      2.15059088597     0.273637097505 
means_Electronic
     119.950916667     -9.75201754386                0.0     0.972824561404            0.39175 
stdDev_Electronic
     31.1175389188      4.74715986371                0.0      2.20537115564      0.27422714965 
means_Religious
     116.089686869     -10.0641868687                0.0     0.789777777778     0.483636363636 
stdDev_Religious
     29.8742359213      4.20911878544                0.0      1.43382856882     0.253173931292 
means_Reggae
     137.431041667          -9.672625                0.0     0.494816666667     0.450908333333 
stdDev_Reggae
     35.4679616921      3.12315621891                0.0       1.0007562056     0.283664267396 
means_Country
     120.095628571     -11.6596285714                0.0     0.473525714286     0.588754285714 
stdDev_Country
     31.7282046551       4.2482216238                0.0     0.751585864819     0.279889717407 
means_Latin
     128.933093385     -9.75380544747                0.0     0.564151750973     0.481583657588 
stdDev_Latin
     40.6581785882      4.31208376789                0.0      1.31074621139     0.264078284374 
means_RnB
     117.312977273     -9.32899242424                0.0     0.720287878788     0.437106060606 
stdDev_RnB
     30.0855827705      3.39318695395                0.0      1.38880496116     0.232209259648 
means_Comedy_Spoken
     108.257230769     -12.8376923077                0.0     0.243717948718     0.312871794872 
stdDev_Comedy_Spoken
     26.5245735735      4.10541648566                0.0      0.61269576458     0.228703949209 
means_International
     124.707646259     -10.9284829932                0.0     0.736156462585     0.511068027211 
stdDev_International
     40.3760839115      4.98716444233                0.0       1.6017972886     0.275039976312 
means_Folk
     115.944791667         -13.490375                0.0          0.8385625     0.493958333333 
stdDev_Folk
     36.7196822341      5.02027898306                0.0      2.36197429694      0.26463716972 
means_Blues
     117.302960317     -12.1406904762                0.0     0.515984126984     0.426023809524 
stdDev_Blues
     33.0027792299      4.58341411611                0.0      0.93931954419     0.301056854418 
means_New Age
     114.152168421     -18.1130315789                0.0      1.54131578947     0.500736842105 
stdDev_New Age
     39.8092201462      6.19097108861                0.0       3.3459575461     0.276007330586 
means_Easy_Listening
         130.42255            -14.727                0.0            0.86135             0.4155 
stdDev_Easy_Listening
     36.4496322402      4.69400786109                0.0      1.61258619227     0.253083286686 
means_Jazz
     118.490416185     -14.4096705202                0.0     0.631046242775     0.428809248555 
stdDev_Jazz
     37.3779050816       5.7958210639                0.0      1.31379741629     0.246751644409 
means_Vocal
     114.415444444     -14.2900833333                0.0     0.777055555556     0.503944444444 
stdDev_Vocal
     34.4647887451      5.11038246218                0.0       1.1315070075     0.192814525796 
means_Rap
     121.183122881     -8.27923305085                0.0     0.522156779661     0.383440677966 
stdDev_Rap
     38.9404308434      4.14658293474                0.0       2.3096347033     0.269287589396 
means_Children
     129.845142857     -15.1871428571                0.0              1.384     0.606714285714 
stdDev_Children
     29.1085010284      2.86988886936                0.0        1.882148013     0.250360719355 
means_Pop_Rock
     127.633943925     -8.35902180685                0.0     0.859820353063      0.45328556594 
stdDev_Pop_Rock
     34.2746869511      4.46990959804                0.0      2.15059088597     0.273637097505 
means_Electronic
     119.950916667     -9.75201754386                0.0     0.972824561404            0.39175 
stdDev_Electronic
     31.1175389188      4.74715986371                0.0      2.20537115564      0.27422714965 
means_Religious
     116.089686869     -10.0641868687                0.0     0.789777777778     0.483636363636 
stdDev_Religious
     29.8742359213      4.20911878544                0.0      1.43382856882     0.253173931292 
means_Reggae
     137.431041667          -9.672625                0.0     0.494816666667     0.450908333333 
stdDev_Reggae
     35.4679616921      3.12315621891                0.0       1.0007562056     0.283664267396 
means_Country
     120.095628571     -11.6596285714                0.0     0.473525714286     0.588754285714 
stdDev_Country
     31.7282046551       4.2482216238                0.0     0.751585864819     0.279889717407 
means_Latin
     128.933093385     -9.75380544747                0.0     0.564151750973     0.481583657588 
stdDev_Latin
     40.6581785882      4.31208376789                0.0      1.31074621139     0.264078284374 
means_RnB
     117.312977273     -9.32899242424                0.0     0.720287878788     0.437106060606 
stdDev_RnB
     30.0855827705      3.39318695395                0.0      1.38880496116     0.232209259648 
means_Comedy_Spoken
     108.257230769     -12.8376923077                0.0     0.243717948718     0.312871794872 
stdDev_Comedy_Spoken
     26.5245735735      4.10541648566                0.0      0.61269576458     0.228703949209 
means_International
     124.707646259     -10.9284829932                0.0     0.736156462585     0.511068027211 
stdDev_International
     40.3760839115      4.98716444233                0.0       1.6017972886     0.275039976312 
means_Folk
     115.944791667         -13.490375                0.0          0.8385625     0.493958333333 
stdDev_Folk
     36.7196822341      5.02027898306                0.0      2.36197429694      0.26463716972 
means_Blues
     117.302960317     -12.1406904762                0.0     0.515984126984     0.426023809524 
stdDev_Blues
     33.0027792299      4.58341411611                0.0      0.93931954419     0.301056854418 
means_New Age
     114.152168421     -18.1130315789                0.0      1.54131578947     0.500736842105 
stdDev_New Age
     39.8092201462      6.19097108861                0.0       3.3459575461     0.276007330586 
means_Easy_Listening
         130.42255            -14.727                0.0            0.86135             0.4155 
stdDev_Easy_Listening
     36.4496322402      4.69400786109                0.0      1.61258619227     0.253083286686 
means_Jazz
     118.490416185     -14.4096705202                0.0     0.631046242775     0.428809248555 
stdDev_Jazz
     37.3779050816       5.7958210639                0.0      1.31379741629     0.246751644409 
means_Vocal
     114.415444444     -14.2900833333                0.0     0.777055555556     0.503944444444 
stdDev_Vocal
     34.4647887451      5.11038246218                0.0       1.1315070075     0.192814525796 
means_Rap
     121.183122881     -8.27923305085                0.0     0.522156779661     0.383440677966 
stdDev_Rap
     38.9404308434      4.14658293474                0.0       2.3096347033     0.269287589396 
means_Children
     129.845142857     -15.1871428571                0.0              1.384     0.606714285714 
stdDev_Children
     29.1085010284      2.86988886936                0.0        1.882148013     0.250360719355 
means_Pop_Rock
     127.633943925     -8.35902180685                0.0     0.859820353063      0.45328556594 
stdDev_Pop_Rock
     34.2746869511      4.46990959804                0.0      2.15059088597     0.273637097505 
means_Electronic
     119.950916667     -9.75201754386                0.0     0.972824561404            0.39175 
stdDev_Electronic
     31.1175389188      4.74715986371                0.0      2.20537115564      0.27422714965 
means_Religious
     116.089686869     -10.0641868687                0.0     0.789777777778     0.483636363636 
stdDev_Religious
     29.8742359213      4.20911878544                0.0      1.43382856882     0.253173931292 
means_Reggae
     137.431041667          -9.672625                0.0     0.494816666667     0.450908333333 
stdDev_Reggae
     35.4679616921      3.12315621891                0.0       1.0007562056     0.283664267396 
means_Country
     120.095628571     -11.6596285714                0.0     0.473525714286     0.588754285714 
stdDev_Country
     31.7282046551       4.2482216238                0.0     0.751585864819     0.279889717407 
means_Latin
     128.933093385     -9.75380544747                0.0     0.564151750973     0.481583657588 
stdDev_Latin
     40.6581785882      4.31208376789                0.0      1.31074621139     0.264078284374 
means_RnB
     117.312977273     -9.32899242424                0.0     0.720287878788     0.437106060606 
stdDev_RnB
     30.0855827705      3.39318695395                0.0      1.38880496116     0.232209259648 
means_Comedy_Spoken
     108.257230769     -12.8376923077                0.0     0.243717948718     0.312871794872 
stdDev_Comedy_Spoken
     26.5245735735      4.10541648566                0.0      0.61269576458     0.228703949209 
means_International
     124.707646259     -10.9284829932                0.0     0.736156462585     0.511068027211 
stdDev_International
     40.3760839115      4.98716444233                0.0       1.6017972886     0.275039976312 
means_Folk
     115.944791667         -13.490375                0.0          0.8385625     0.493958333333 
stdDev_Folk
     36.7196822341      5.02027898306                0.0      2.36197429694      0.26463716972 
means_Blues
     117.302960317     -12.1406904762                0.0     0.515984126984     0.426023809524 
stdDev_Blues
     33.0027792299      4.58341411611                0.0      0.93931954419     0.301056854418 
means_New Age
     114.152168421     -18.1130315789                0.0      1.54131578947     0.500736842105 
stdDev_New Age
     39.8092201462      6.19097108861                0.0       3.3459575461     0.276007330586 
means_Easy_Listening
         130.42255            -14.727                0.0            0.86135             0.4155 
stdDev_Easy_Listening
     36.4496322402      4.69400786109                0.0      1.61258619227     0.253083286686 
means_Jazz
     118.490416185     -14.4096705202                0.0     0.631046242775     0.428809248555 
stdDev_Jazz
     37.3779050816       5.7958210639                0.0      1.31379741629     0.246751644409 
means_Vocal
     114.415444444     -14.2900833333                0.0     0.777055555556     0.503944444444 
stdDev_Vocal
     34.4647887451      5.11038246218                0.0       1.1315070075     0.192814525796 
means_Rap
     121.183122881     -8.27923305085                0.0     0.522156779661     0.383440677966 
stdDev_Rap
     38.9404308434      4.14658293474                0.0       2.3096347033     0.269287589396 
means_Children
     129.845142857     -15.1871428571                0.0              1.384     0.606714285714 
stdDev_Children
     29.1085010284      2.86988886936                0.0        1.882148013     0.250360719355 
means_Pop_Rock
     127.633943925     -8.35902180685                0.0     0.859820353063      0.45328556594 
stdDev_Pop_Rock
     34.2746869511      4.46990959804                0.0      2.15059088597     0.273637097505 
means_Electronic
     119.950916667     -9.75201754386                0.0     0.972824561404            0.39175 
stdDev_Electronic
     31.1175389188      4.74715986371                0.0      2.20537115564      0.27422714965 
means_Religious
     116.089686869     -10.0641868687                0.0     0.789777777778     0.483636363636 
stdDev_Religious
     29.8742359213      4.20911878544                0.0      1.43382856882     0.253173931292 
means_Reggae
     137.431041667          -9.672625                0.0     0.494816666667     0.450908333333 
stdDev_Reggae
     35.4679616921      3.12315621891                0.0       1.0007562056     0.283664267396 
means_Country
     120.095628571     -11.6596285714                0.0     0.473525714286     0.588754285714 
stdDev_Country
     31.7282046551       4.2482216238                0.0     0.751585864819     0.279889717407 
means_Latin
     128.933093385     -9.75380544747                0.0     0.564151750973     0.481583657588 
stdDev_Latin
     40.6581785882      4.31208376789                0.0      1.31074621139     0.264078284374 
means_RnB
     117.312977273     -9.32899242424                0.0     0.720287878788     0.437106060606 
stdDev_RnB
     30.0855827705      3.39318695395                0.0      1.38880496116     0.232209259648 
means_Comedy_Spoken
     108.257230769     -12.8376923077                0.0     0.243717948718     0.312871794872 
stdDev_Comedy_Spoken
     26.5245735735      4.10541648566                0.0      0.61269576458     0.228703949209 
means_International
     124.707646259     -10.9284829932                0.0     0.736156462585     0.511068027211 
stdDev_International
     40.3760839115      4.98716444233                0.0       1.6017972886     0.275039976312 
means_Folk
     115.944791667         -13.490375                0.0          0.8385625     0.493958333333 
stdDev_Folk
     36.7196822341      5.02027898306                0.0      2.36197429694      0.26463716972 
means_Blues
     117.302960317     -12.1406904762                0.0     0.515984126984     0.426023809524 
stdDev_Blues
     33.0027792299      4.58341411611                0.0      0.93931954419     0.301056854418 
means_New Age
     114.152168421     -18.1130315789                0.0      1.54131578947     0.500736842105 
stdDev_New Age
     39.8092201462      6.19097108861                0.0       3.3459575461     0.276007330586 
means_Easy_Listening
         130.42255            -14.727                0.0            0.86135             0.4155 
stdDev_Easy_Listening
     36.4496322402      4.69400786109                0.0      1.61258619227     0.253083286686 
means_Jazz
     118.490416185     -14.4096705202                0.0     0.631046242775     0.428809248555 
stdDev_Jazz
     37.3779050816       5.7958210639                0.0      1.31379741629     0.246751644409 
means_Vocal
     114.415444444     -14.2900833333                0.0     0.777055555556     0.503944444444 
stdDev_Vocal
     34.4647887451      5.11038246218                0.0       1.1315070075     0.192814525796 
means_Rap
     121.183122881     -8.27923305085                0.0     0.522156779661     0.383440677966 
stdDev_Rap
     38.9404308434      4.14658293474                0.0       2.3096347033     0.269287589396 
means_Children
     129.845142857     -15.1871428571                0.0              1.384     0.606714285714 
stdDev_Children
     29.1085010284      2.86988886936                0.0        1.882148013     0.250360719355 
means_Pop_Rock
     127.633943925     -8.35902180685                0.0     0.859820353063      0.45328556594 
stdDev_Pop_Rock
     34.2746869511      4.46990959804                0.0      2.15059088597     0.273637097505 
means_Electronic
     119.950916667     -9.75201754386                0.0     0.972824561404            0.39175 
stdDev_Electronic
     31.1175389188      4.74715986371                0.0      2.20537115564      0.27422714965 
means_Religious
     116.089686869     -10.0641868687                0.0     0.789777777778     0.483636363636 
stdDev_Religious
     29.8742359213      4.20911878544                0.0      1.43382856882     0.253173931292 
means_Reggae
     137.431041667          -9.672625                0.0     0.494816666667     0.450908333333 
stdDev_Reggae
     35.4679616921      3.12315621891                0.0       1.0007562056     0.283664267396 
means_Country
     120.095628571     -11.6596285714                0.0     0.473525714286     0.588754285714 
stdDev_Country
     31.7282046551       4.2482216238                0.0     0.751585864819     0.279889717407 
means_Latin
     128.933093385     -9.75380544747                0.0     0.564151750973     0.481583657588 
stdDev_Latin
     40.6581785882      4.31208376789                0.0      1.31074621139     0.264078284374 
means_RnB
     117.312977273     -9.32899242424                0.0     0.720287878788     0.437106060606 
stdDev_RnB
     30.0855827705      3.39318695395                0.0      1.38880496116     0.232209259648 
means_Comedy_Spoken
     108.257230769     -12.8376923077                0.0     0.243717948718     0.312871794872 
stdDev_Comedy_Spoken
     26.5245735735      4.10541648566                0.0      0.61269576458     0.228703949209 
means_International
     124.707646259     -10.9284829932                0.0     0.736156462585     0.511068027211 
stdDev_International
     40.3760839115      4.98716444233                0.0       1.6017972886     0.275039976312 
means_Folk
     115.944791667         -13.490375                0.0          0.8385625     0.493958333333 
stdDev_Folk
     36.7196822341      5.02027898306                0.0      2.36197429694      0.26463716972 
means_Blues
     117.302960317     -12.1406904762                0.0     0.515984126984     0.426023809524 
stdDev_Blues
     33.0027792299      4.58341411611                0.0      0.93931954419     0.301056854418 
means_New Age
     114.152168421     -18.1130315789                0.0      1.54131578947     0.500736842105 
stdDev_New Age
     39.8092201462      6.19097108861                0.0       3.3459575461     0.276007330586 
means_Easy_Listening
         130.42255            -14.727                0.0            0.86135             0.4155 
stdDev_Easy_Listening
     36.4496322402      4.69400786109                0.0      1.61258619227     0.253083286686 
means_Jazz
     118.490416185     -14.4096705202                0.0     0.631046242775     0.428809248555 
stdDev_Jazz
     37.3779050816       5.7958210639                0.0      1.31379741629     0.246751644409 
means_Vocal
     114.415444444     -14.2900833333                0.0     0.777055555556     0.503944444444 
stdDev_Vocal
     34.4647887451      5.11038246218                0.0       1.1315070075     0.192814525796 
means_Rap
     121.183122881     -8.27923305085                0.0     0.522156779661     0.383440677966 
stdDev_Rap
     38.9404308434      4.14658293474                0.0       2.3096347033     0.269287589396 
means_Children
     129.845142857     -15.1871428571                0.0              1.384     0.606714285714 
stdDev_Children
     29.1085010284      2.86988886936                0.0        1.882148013     0.250360719355 
means_Pop_Rock
     127.633943925     -8.35902180685                0.0     0.859820353063      0.45328556594 
stdDev_Pop_Rock
     34.2746869511      4.46990959804                0.0      2.15059088597     0.273637097505 
means_Electronic
     119.950916667     -9.75201754386                0.0     0.972824561404            0.39175 
stdDev_Electronic
     31.1175389188      4.74715986371                0.0      2.20537115564      0.27422714965 
means_Religious
     116.089686869     -10.0641868687                0.0     0.789777777778     0.483636363636 
stdDev_Religious
     29.8742359213      4.20911878544                0.0      1.43382856882     0.253173931292 
means_Reggae
     137.431041667          -9.672625                0.0     0.494816666667     0.450908333333 
stdDev_Reggae
     35.4679616921      3.12315621891                0.0       1.0007562056     0.283664267396 
means_Country
     120.095628571     -11.6596285714                0.0     0.473525714286     0.588754285714 
stdDev_Country
     31.7282046551       4.2482216238                0.0     0.751585864819     0.279889717407 
means_Latin
     128.933093385     -9.75380544747                0.0     0.564151750973     0.481583657588 
stdDev_Latin
     40.6581785882      4.31208376789                0.0      1.31074621139     0.264078284374 
means_RnB
     117.312977273     -9.32899242424                0.0     0.720287878788     0.437106060606 
stdDev_RnB
     30.0855827705      3.39318695395                0.0      1.38880496116     0.232209259648 
means_Comedy_Spoken
     108.257230769     -12.8376923077                0.0     0.243717948718     0.312871794872 
stdDev_Comedy_Spoken
     26.5245735735      4.10541648566                0.0      0.61269576458     0.228703949209 
means_International
     124.707646259     -10.9284829932                0.0     0.736156462585     0.511068027211 
stdDev_International
     40.3760839115      4.98716444233                0.0       1.6017972886     0.275039976312 
means_Folk
     115.944791667         -13.490375                0.0          0.8385625     0.493958333333 
stdDev_Folk
     36.7196822341      5.02027898306                0.0      2.36197429694      0.26463716972 
means_Blues
     117.302960317     -12.1406904762                0.0     0.515984126984     0.426023809524 
stdDev_Blues
     33.0027792299      4.58341411611                0.0      0.93931954419     0.301056854418 
means_New Age
     114.152168421     -18.1130315789                0.0      1.54131578947     0.500736842105 
stdDev_New Age
     39.8092201462      6.19097108861                0.0       3.3459575461     0.276007330586 
means_Easy_Listening
         130.42255            -14.727                0.0            0.86135             0.4155 
stdDev_Easy_Listening
     36.4496322402      4.69400786109                0.0      1.61258619227     0.253083286686 
means_Jazz
     118.490416185     -14.4096705202                0.0     0.631046242775     0.428809248555 
stdDev_Jazz
     37.3779050816       5.7958210639                0.0      1.31379741629     0.246751644409 
means_Vocal
     114.415444444     -14.2900833333                0.0     0.777055555556     0.503944444444 
stdDev_Vocal
     34.4647887451      5.11038246218                0.0       1.1315070075     0.192814525796 
means_Rap
     121.183122881     -8.27923305085                0.0     0.522156779661     0.383440677966 
stdDev_Rap
     38.9404308434      4.14658293474                0.0       2.3096347033     0.269287589396 
means_Children
     129.845142857     -15.1871428571                0.0              1.384     0.606714285714 
stdDev_Children
     29.1085010284      2.86988886936                0.0        1.882148013     0.250360719355 
means_Pop_Rock
     127.633943925     -8.35902180685                0.0     0.859820353063      0.45328556594 
stdDev_Pop_Rock
     34.2746869511      4.46990959804                0.0      2.15059088597     0.273637097505 
means_Electronic
     119.950916667     -9.75201754386                0.0     0.972824561404            0.39175 
stdDev_Electronic
     31.1175389188      4.74715986371                0.0      2.20537115564      0.27422714965 
means_Religious
     116.089686869     -10.0641868687                0.0     0.789777777778     0.483636363636 
stdDev_Religious
     29.8742359213      4.20911878544                0.0      1.43382856882     0.253173931292 
means_Reggae
     137.431041667          -9.672625                0.0     0.494816666667     0.450908333333 
stdDev_Reggae
     35.4679616921      3.12315621891                0.0       1.0007562056     0.283664267396 
means_Country
     120.095628571     -11.6596285714                0.0     0.473525714286     0.588754285714 
stdDev_Country
     31.7282046551       4.2482216238                0.0     0.751585864819     0.279889717407 
means_Latin
     128.933093385     -9.75380544747                0.0     0.564151750973     0.481583657588 
stdDev_Latin
     40.6581785882      4.31208376789                0.0      1.31074621139     0.264078284374 
means_RnB
     117.312977273     -9.32899242424                0.0     0.720287878788     0.437106060606 
stdDev_RnB
     30.0855827705      3.39318695395                0.0      1.38880496116     0.232209259648 
means_Comedy_Spoken
     108.257230769     -12.8376923077                0.0     0.243717948718     0.312871794872 
stdDev_Comedy_Spoken
     26.5245735735      4.10541648566                0.0      0.61269576458     0.228703949209 
means_International
     124.707646259     -10.9284829932                0.0     0.736156462585     0.511068027211 
stdDev_International
     40.3760839115      4.98716444233                0.0       1.6017972886     0.275039976312 
means_Folk
     115.944791667         -13.490375                0.0          0.8385625     0.493958333333 
stdDev_Folk
     36.7196822341      5.02027898306                0.0      2.36197429694      0.26463716972 
means_Blues
     117.302960317     -12.1406904762                0.0     0.515984126984     0.426023809524 
stdDev_Blues
     33.0027792299      4.58341411611                0.0      0.93931954419     0.301056854418 
means_New Age
     114.152168421     -18.1130315789                0.0      1.54131578947     0.500736842105 
stdDev_New Age
     39.8092201462      6.19097108861                0.0       3.3459575461     0.276007330586 
means_Easy_Listening
         130.42255            -14.727                0.0            0.86135             0.4155 
stdDev_Easy_Listening
     36.4496322402      4.69400786109                0.0      1.61258619227     0.253083286686 
means_Jazz
     118.490416185     -14.4096705202                0.0     0.631046242775     0.428809248555 
stdDev_Jazz
     37.3779050816       5.7958210639                0.0      1.31379741629     0.246751644409 
means_Vocal
     114.415444444     -14.2900833333                0.0     0.777055555556     0.503944444444 
stdDev_Vocal
     34.4647887451      5.11038246218                0.0       1.1315070075     0.192814525796 
means_Rap
     121.183122881     -8.27923305085                0.0     0.522156779661     0.383440677966 
stdDev_Rap
     38.9404308434      4.14658293474                0.0       2.3096347033     0.269287589396 
means_Children
     129.845142857     -15.1871428571                0.0              1.384     0.606714285714 
stdDev_Children
     29.1085010284      2.86988886936                0.0        1.882148013     0.250360719355 
means_Pop_Rock
     127.633943925     -8.35902180685                0.0     0.859820353063      0.45328556594 
stdDev_Pop_Rock
     34.2746869511      4.46990959804                0.0      2.15059088597     0.273637097505 
means_Electronic
     119.950916667     -9.75201754386                0.0     0.972824561404            0.39175 
stdDev_Electronic
     31.1175389188      4.74715986371                0.0      2.20537115564      0.27422714965 
means_Religious
     116.089686869     -10.0641868687                0.0     0.789777777778     0.483636363636 
stdDev_Religious
     29.8742359213      4.20911878544                0.0      1.43382856882     0.253173931292 
means_Reggae
     137.431041667          -9.672625                0.0     0.494816666667     0.450908333333 
stdDev_Reggae
     35.4679616921      3.12315621891                0.0       1.0007562056     0.283664267396 
means_Country
     120.095628571     -11.6596285714                0.0     0.473525714286     0.588754285714 
stdDev_Country
     31.7282046551       4.2482216238                0.0     0.751585864819     0.279889717407 
means_Latin
     128.933093385     -9.75380544747                0.0     0.564151750973     0.481583657588 
stdDev_Latin
     40.6581785882      4.31208376789                0.0      1.31074621139     0.264078284374 
means_RnB
     117.312977273     -9.32899242424                0.0     0.720287878788     0.437106060606 
stdDev_RnB
     30.0855827705      3.39318695395                0.0      1.38880496116     0.232209259648 
means_Comedy_Spoken
     108.257230769     -12.8376923077                0.0     0.243717948718     0.312871794872 
stdDev_Comedy_Spoken
     26.5245735735      4.10541648566                0.0      0.61269576458     0.228703949209 
means_International
     124.707646259     -10.9284829932                0.0     0.736156462585     0.511068027211 
stdDev_International
     40.3760839115      4.98716444233                0.0       1.6017972886     0.275039976312 
means_Folk
     115.944791667         -13.490375                0.0          0.8385625     0.493958333333 
stdDev_Folk
     36.7196822341      5.02027898306                0.0      2.36197429694      0.26463716972 
means_Blues
     117.302960317     -12.1406904762                0.0     0.515984126984     0.426023809524 
stdDev_Blues
     33.0027792299      4.58341411611                0.0      0.93931954419     0.301056854418 
means_New Age
     114.152168421     -18.1130315789                0.0      1.54131578947     0.500736842105 
stdDev_New Age
     39.8092201462      6.19097108861                0.0       3.3459575461     0.276007330586 
means_Easy_Listening
         130.42255            -14.727                0.0            0.86135             0.4155 
stdDev_Easy_Listening
     36.4496322402      4.69400786109                0.0      1.61258619227     0.253083286686 
means_Jazz
     118.490416185     -14.4096705202                0.0     0.631046242775     0.428809248555 
stdDev_Jazz
     37.3779050816       5.7958210639                0.0      1.31379741629     0.246751644409 
means_Vocal
     114.415444444     -14.2900833333                0.0     0.777055555556     0.503944444444 
stdDev_Vocal
     34.4647887451      5.11038246218                0.0       1.1315070075     0.192814525796 
means_Rap
     121.183122881     -8.27923305085                0.0     0.522156779661     0.383440677966 
stdDev_Rap
     38.9404308434      4.14658293474                0.0       2.3096347033     0.269287589396 
means_Children
     129.845142857     -15.1871428571                0.0              1.384     0.606714285714 
stdDev_Children
     29.1085010284      2.86988886936                0.0        1.882148013     0.250360719355 
